RD	Sex	Age	Antibiotics_merged	IBS	Menstruations_present
30574680	Female	38.91666667	0	0	1
25858854	Male	18.16666667	0	0	NA
29184324	Male	41.33333333	0	0	NA
30263270	Female	51.16666667	0	0	1
38072164	Female	25.58333333	0	0	1
38649818	Female	32.66666667	0	0	1
32169190	Male	30.83333333	0	0	NA
30751178	Female	42.75	0	0	1
17734576	Female	40.91666667	0	0	NA
24066966	Female	34.58333333	0	0	1
24386608	Female	39.75	0	0	1
32103542	Female	27	0	0	1
36038160	Female	27.08333333	0	0	1
26644640	Female	36.75	0	0	1
19174676	Female	35	0	1	1
49242156	Female	33.91666667	0	0	1
17269722	Male	33.83333333	0	0	NA
33581232	Female	52	0	0	0
38840390	Female	51.58333333	1	0	1
27969918	Male	50.08333333	0	0	NA
39433202	Male	49	0	0	NA
18779514	Female	48.41666667	0	0	1
39209024	Female	46.66666667	0	0	1
32416958	Female	45	0	0	1
19811920	Male	39.33333333	0	0	NA
51026480	Male	34.66666667	0	0	NA
61707472	Male	30.75	0	0	NA
38537764	Female	29.08333333	0	0	1
35171776	Female	28.16666667	0	1	1
23185108	Female	45	0	0	1
47618226	Male	39.08333333	0	0	NA
40605526	Female	38.75	0	1	1
23752032	Female	51.75	0	1	0
34348374	Female	36.5	0	0	1
24276130	Female	31.33333333	0	0	1
20126744	Female	28.41666667	0	0	1
62639820	Male	51.25	0	1	NA
18106816	Male	52.08333333	0	0	NA
25283936	Female	50.5	0	0	1
23026570	Male	50	0	0	NA
45949810	Female	49.75	0	0	1
47378804	Female	49.25	0	0	1
58471842	Female	48.75	0	1	1
24887324	Female	48.41666667	0	1	1
43327468	Female	48.5	0	1	0
25022274	Male	48.33333333	0	0	NA
47266178	Female	48.08333333	0	0	1
34099450	Female	47.5	0	0	1
52256240	Female	47.41666667	0	0	1
30223228	Female	47.25	0	0	0
35363326	Female	46.58333333	0	0	0
33692220	Male	46.08333333	0	0	NA
39024480	Female	46	0	0	1
38900852	Female	45.58333333	0	0	0
36376024	Male	45.41666667	0	0	NA
48873516	Female	45.33333333	0	0	0
30162686	Female	45	0	0	1
35571390	Female	43.83333333	0	0	1
24446034	Female	43.08333333	0	1	1
35458048	Male	43.08333333	0	0	NA
55317048	Male	41.66666667	0	0	NA
46816102	Female	41.41666667	0	0	1
37575984	Female	39.91666667	0	0	1
83354288	Female	37.33333333	0	0	1
18447678	Male	36.08333333	0	0	NA
27296276	Female	32.08333333	0	0	1
22309134	Female	31.66666667	0	0	1
24961000	Female	31.41666667	0	0	1
38674900	Female	30.25	0	0	1
21030296	Female	26.58333333	0	0	1
56416840	Male	26.5	0	0	NA
16473260	Female	51.75	0	0	0
46091374	Female	51.08333333	0	0	0
79388738	Female	38.08333333	0	0	1
39598056	Male	47.33333333	0	0	NA
40927090	Female	50.83333333	0	0	1
31081592	Female	39.5	0	0	1
27576806	Female	41.75	0	0	1
45738348	Male	41	0	0	NA
17178188	Male	44.83333333	0	0	NA
54243314	Male	44.91666667	0	0	NA
32644952	Male	40.91666667	0	0	NA
40348114	Male	42.33333333	0	0	NA
20746456	Female	51.33333333	0	0	0
18194184	Female	47.91666667	0	0	1
27370366	Female	39.75	0	0	1
30043408	Male	36.83333333	0	0	NA
23398110	Male	51.58333333	0	0	NA
24628512	Female	35.83333333	0	0	1
43130450	Male	42.41666667	0	0	NA
17643618	Female	36.91666667	0	1	1
18594564	Female	32.75	0	0	1
79707212	Female	45.58333333	0	0	1
30398482	Female	46.08333333	0	0	1
18738490	Female	36.83333333	0	1	1
52627188	Female	33.83333333	0	0	1
39309920	Male	40.75	0	0	NA
26732078	Male	35.08333333	0	0	NA
21588754	Male	36	0	0	NA
21818898	Male	43.33333333	0	0	NA
56093978	Male	28.83333333	0	0	NA
34570190	Male	35.66666667	0	0	NA
42862454	Female	40.08333333	0	0	1
20321714	Female	36.33333333	0	0	1
27145228	Male	42.91666667	0	0	NA
68630124	Female	32.08333333	0	0	1
35692026	Male	30.16666667	0	0	NA
26692986	Female	49.91666667	0	0	1
25892442	Male	47.91666667	0	0	NA
67159530	Female	39.25	0	0	0
36181358	Male	45.83333333	0	0	NA
18440304	Female	40.58333333	0	1	1
39324666	Male	34.75	0	0	NA
26112578	Male	38.41666667	0	1	NA
26165582	Female	32	0	0	1
34534856	Female	37.25	0	0	1
21279110	Female	46.58333333	0	0	1
68671544	Female	40.91666667	0	0	1
41141228	Male	43.33333333	0	0	NA
30883048	Female	37.58333333	0	0	1
32196056	Female	43.33333333	0	1	1
32204530	Male	41.41666667	0	0	NA
34178010	Female	43.58333333	0	0	1
19605230	Male	34.75	0	0	NA
18629434	Female	28.33333333	0	0	1
29747202	Female	45.41666667	0	1	1
25093368	Female	43	0	1	1
48294466	Female	34.25	0	0	1
22282038	Female	43.16666667	0	0	0
31509738	Male	34.25	0	1	NA
16897934	Male	49.91666667	0	0	NA
65491546	Female	49	0	0	0
25286414	Male	36.25	0	0	NA
24431022	Female	52.5	0	0	1
35958938	Female	34.08333333	0	1	0
35548906	Female	43.41666667	0	0	1
31633732	Female	46.5	0	0	1
30336982	Female	48.08333333	0	0	1
30544812	Male	52.33333333	0	0	NA
26408214	Female	46.66666667	0	0	1
37504370	Male	47.75	0	0	NA
26932202	Female	48.33333333	0	0	1
25882236	Female	39.91666667	0	0	1
37842974	Male	41.08333333	0	0	NA
28655830	Male	48.91666667	0	0	NA
31071042	Female	39.5	0	0	1
32235504	Female	44.08333333	0	1	0
34204606	Male	42.08333333	0	1	NA
52505818	Female	44.41666667	0	0	1
56635710	Male	39.33333333	0	0	NA
39095684	Male	34.83333333	0	0	NA
30346338	Male	42.91666667	0	0	NA
51613626	Male	43.91666667	0	0	NA
37184988	Male	51.08333333	0	0	NA
50835746	Female	49.41666667	0	0	0
36996310	Male	45.83333333	0	0	NA
33858700	Female	43.25	0	0	1
59594228	Male	50.75	0	0	NA
26631954	Female	45.91666667	0	0	1
24588802	Female	34.91666667	0	0	1
37798738	Female	50.91666667	0	0	1
37319136	Male	52.08333333	0	0	NA
25961966	Female	51.66666667	0	0	0
42799640	Female	39.25	0	1	1
26137996	Male	39.75	0	0	NA
33812490	Male	26.66666667	0	0	NA
24419362	Male	43	0	0	NA
34805306	Female	31.66666667	0	0	1
43915814	Male	42.83333333	0	0	NA
37025574	Female	49.08333333	0	0	1
30866220	Male	18.25	0	0	NA
38011200	Male	18.25	0	0	NA
37947068	Male	28.16666667	0	0	NA
24232066	Female	51.33333333	0	0	1
30632994	Male	37.08333333	0	0	NA
32574970	Male	33.58333333	0	0	NA
42975114	Female	31.5	0	0	1
21808556	Male	49.25	0	0	NA
30833114	Male	50.91666667	0	0	NA
28260768	Female	44.75	0	1	1
29803684	Female	43.91666667	0	0	1
36480644	Female	28.08333333	0	0	1
23519870	Male	49.25	0	0	NA
27709584	Female	47.25	0	0	1
22914052	Female	42	0	0	0
39750178	Female	50.08333333	0	0	0
17689356	Female	49.75	0	0	0
35684904	Male	27.41666667	0	0	NA
37618114	Female	48.16666667	0	0	1
40268414	Male	51.16666667	0	0	NA
22086128	Female	42.33333333	0	0	1
31993324	Female	33.66666667	0	0	1
26305040	Male	45	0	0	NA
59313880	Female	34.75	0	0	0
26713864	Female	41.91666667	0	0	1
29563708	Female	39.33333333	0	0	1
47386532	Male	37	0	0	NA
58763460	Female	27.16666667	0	0	1
20743272	Female	40.83333333	0	0	1
25085322	Male	48.5	0	0	NA
29555236	Female	30.33333333	0	0	1
38954634	Female	34.66666667	0	0	1
58238794	Male	38.83333333	0	0	NA
37337796	Female	40.75	0	1	1
35592806	Male	34.5	0	0	NA
18608188	Female	44.33333333	0	0	1
19148776	Female	50.08333333	0	0	1
29690820	Female	45.5	0	0	1
31816074	Male	40.83333333	0	0	NA
23483064	Female	42.25	0	0	1
56080162	Female	33.5	0	0	1
27640144	Female	49.08333333	0	0	1
48547346	Female	32.25	0	0	1
43387516	Female	39.58333333	0	0	1
21301794	Female	49.16666667	0	0	1
26752280	Female	44	0	1	1
55850514	Female	50.83333333	0	0	0
32137706	Female	36.33333333	0	0	1
24807154	Female	31.83333333	0	0	1
58447196	Male	27.33333333	0	0	NA
27451122	Male	43.83333333	0	0	NA
25945570	Female	47.08333333	0	0	1
51909180	Male	50.33333333	0	0	NA
36002516	Female	37.75	0	0	1
35457742	Male	47.91666667	0	0	NA
50223284	Male	43	0	0	NA
32158958	Female	48.33333333	0	0	NA
31262900	Female	43.75	0	0	1
25394752	Male	47.5	0	0	NA
22742994	Female	44.66666667	0	0	1
27057686	Male	37.5	0	0	NA
37824790	Male	29.33333333	0	0	NA
35849658	Female	44.5	0	0	1
32964210	Male	37.16666667	0	0	NA
26266896	Male	30.66666667	0	0	NA
33130866	Female	50.41666667	0	0	1
26607062	Male	31.08333333	0	1	NA
25788638	Male	49.5	0	0	NA
26839122	Female	45.08333333	0	0	1
29607182	Female	46.58333333	0	0	1
43985704	Male	43.75	0	0	NA
35102744	Female	21.08333333	0	0	1
36404340	Female	21.33333333	0	0	0
31042170	Female	29.33333333	0	1	1
37122394	Female	30.41666667	0	0	1
47561080	Male	27	0	1	NA
48864704	Female	38.08333333	0	0	1
22587018	Male	53.16666667	0	0	NA
41368790	Male	18	0	0	NA
55216422	Female	51.91666667	0	0	0
45986360	Female	40.58333333	0	0	1
51598950	Male	50.91666667	0	0	NA
57372510	Female	22.75	0	1	0
28723084	Female	18.41666667	0	0	1
23691416	Female	37.08333333	0	0	1
21408008	Female	39.66666667	0	0	1
34034208	Female	29.58333333	0	0	1
72198104	Female	27.66666667	0	1	1
34096302	Male	28.16666667	0	0	NA
35884318	Male	30.41666667	0	0	NA
35335522	Male	31	0	0	NA
54519464	Male	42.16666667	0	0	NA
31605504	Male	40.58333333	0	0	NA
29729724	Male	44.5	0	0	NA
26444968	Male	37	0	0	NA
26952460	Female	30.5	0	0	1
24025404	Male	38.41666667	0	0	NA
19122870	Female	31.33333333	0	0	1
41663954	Male	37.66666667	0	0	NA
40306734	Male	49.08333333	0	0	NA
27422006	Male	33.91666667	0	0	NA
52235716	Male	27.5	0	0	NA
24672384	Male	44.41666667	0	0	NA
27778556	Female	32.83333333	0	1	1
25708274	Male	33.91666667	0	0	NA
42834900	Female	28.75	0	0	1
18982062	Male	38.08333333	0	0	NA
31392642	Female	39	0	0	1
27613726	Female	34.91666667	0	0	1
27769848	Female	50.08333333	0	0	0
39112392	Male	40.91666667	0	0	NA
37266298	Male	35.66666667	0	0	NA
44228572	Female	37.25	0	0	1
27511548	Male	48.08333333	0	0	NA
30139232	Female	44.58333333	0	0	1
31913362	Female	40.91666667	0	1	1
37849458	Male	46.91666667	0	0	NA
28765580	Male	34.58333333	0	0	NA
53096926	Male	31.25	0	1	NA
36203800	Male	29	0	0	NA
29274948	Female	33.08333333	0	0	1
29190264	Female	26.33333333	0	0	1
23047204	Female	40.33333333	0	0	1
44137574	Male	46.83333333	0	0	NA
31533132	Male	40.91666667	0	0	NA
28251472	Female	28.41666667	0	0	1
39585706	Female	33.25	0	0	1
20268920	Male	46.83333333	0	0	NA
39166888	Male	39.16666667	0	0	NA
31599270	Male	49.75	0	0	NA
29591044	Female	25.83333333	0	0	1
60290192	Female	23.16666667	0	0	1
56727250	Male	32	0	0	NA
17023336	Male	32	0	0	NA
24894154	Male	27.83333333	0	0	NA
28675180	Male	32.91666667	0	0	NA
22727068	Female	18.25	0	0	1
26981548	Male	18.25	0	0	NA
23018846	Male	56.41666667	0	0	NA
52076350	Female	44.83333333	0	1	1
47727302	Male	18.16666667	0	0	NA
27913164	Male	55.5	0	1	NA
36450058	Male	35.58333333	0	0	NA
44816702	Male	41.83333333	0	0	NA
34877188	Male	32.58333333	0	0	NA
17285486	Male	30.33333333	0	0	NA
42067658	Female	49	0	0	0
35790936	Male	70.5	0	0	NA
36980068	Male	19.66666667	0	1	NA
20884382	Female	41.58333333	0	0	1
31301008	Female	43.33333333	0	0	1
29606672	Male	49.66666667	0	0	NA
40133850	Female	28.25	0	0	0
29698732	Male	48.08333333	0	0	NA
29408414	Male	46.75	0	0	NA
36637146	Male	50.66666667	0	0	NA
46317756	Male	49.58333333	0	0	NA
26048484	Female	43	0	0	1
22188464	Female	36.16666667	0	1	1
29438460	Female	43.66666667	0	0	1
51081584	Male	31.58333333	0	0	NA
44788136	Male	24	0	0	NA
18557090	Male	29.5	0	0	NA
42489412	Female	18.66666667	0	1	1
54262778	Male	23.91666667	0	0	NA
24092048	Male	46.58333333	0	0	NA
41043798	Female	47.83333333	0	0	1
20370198	Male	29.83333333	0	0	NA
64572152	Male	46.41666667	0	0	NA
42420708	Male	30.66666667	0	0	NA
38095424	Male	43	0	0	NA
36743714	Female	55.25	0	0	0
33892266	Female	30.58333333	0	0	1
31793914	Male	54.5	0	0	NA
37867262	Female	43.66666667	0	0	1
34757362	Male	30.16666667	0	0	NA
31474590	Female	45.41666667	0	0	1
32198720	Female	53.75	0	0	0
24131340	Male	57.75	0	0	NA
23680334	Female	33.5	0	0	1
37871314	Female	18.08333333	0	0	1
41658330	Male	69.16666667	0	0	NA
25165766	Female	62.25	0	1	0
29692850	Male	37.58333333	0	0	NA
35400518	Male	57.33333333	0	0	NA
30692026	Female	25.25	0	0	1
37172090	Male	60.83333333	0	0	NA
43964878	Male	23.16666667	0	0	NA
21707614	Female	19.91666667	0	0	1
47178900	Female	22.33333333	0	0	1
51545892	Male	59.16666667	0	0	NA
42261056	Male	57.33333333	0	0	NA
32826718	Male	33.5	0	0	NA
26162318	Male	25.83333333	0	0	NA
34769586	Female	46.66666667	0	0	1
32834804	Female	27.25	0	0	1
24109810	Male	49	0	0	NA
59034906	Female	47.66666667	0	0	1
35088376	Male	45.08333333	0	0	NA
25047572	Female	49.83333333	0	1	0
29403696	Female	49.41666667	0	0	0
29944950	Female	48.41666667	0	0	1
43021028	Female	43	0	0	1
51626570	Male	51.33333333	0	0	NA
27602542	Female	54.5	0	0	0
24166508	Female	50.33333333	0	0	0
36651700	Female	25.75	0	0	1
36599126	Female	37.58333333	0	0	1
26593008	Female	47	0	1	0
25370664	Female	21.75	0	0	1
25322818	Female	62.5	0	0	0
31986864	Male	41.16666667	0	0	NA
33996168	Female	68.25	0	0	0
68753698	Female	52.25	0	1	0
52787936	Male	55.41666667	0	0	NA
59942190	Female	63.91666667	0	0	0
60520920	Male	41.75	0	0	NA
48919304	Female	25.75	0	1	1
24175630	Female	25.75	0	0	1
38256772	Male	25.66666667	0	0	NA
27545962	Female	23.66666667	0	1	1
27963828	Female	53	0	0	1
40648074	Female	64.08333333	0	0	0
34921596	Male	46.83333333	0	0	NA
32549374	Female	50	0	0	1
38913446	Male	30.58333333	0	0	NA
39950030	Male	44.66666667	0	0	NA
48345306	Male	52.5	0	0	NA
17838896	Female	59.58333333	0	0	0
23484902	Male	31.5	0	0	NA
27648544	Male	62.66666667	0	1	NA
35396976	Male	66.16666667	0	0	NA
20296470	Female	44.33333333	0	0	1
32451856	Male	49.41666667	0	0	NA
29184484	Male	34.33333333	0	1	NA
34537320	Female	32.91666667	0	1	1
23680774	Female	50.75	0	0	0
29654882	Male	26.5	0	0	NA
29232420	Female	50	0	0	1
22762500	Female	44.08333333	0	0	1
41818400	Female	49.91666667	0	1	1
50655942	Male	56.08333333	0	0	NA
39985652	Male	48.66666667	0	0	NA
32633170	Female	27.25	0	0	1
19350540	Female	29.41666667	0	0	1
51619310	Female	30.58333333	0	0	1
51865954	Male	48.75	0	0	NA
28845296	Female	30.16666667	0	0	1
28695130	Female	34	0	0	1
27673144	Male	33.08333333	0	0	NA
28635200	Female	45.58333333	0	1	1
24869018	Female	45.25	0	1	0
26996770	Female	41.41666667	0	0	1
17042286	Female	40.66666667	0	0	1
27057694	Male	33.5	0	0	NA
42885636	Female	31.16666667	0	1	1
29577504	Male	32.91666667	0	0	NA
24546588	Female	47.66666667	0	0	1
42265642	Female	71.33333333	0	0	0
40350446	Female	35.83333333	0	0	1
24320458	Male	46.08333333	0	0	NA
17401494	Male	35.25	0	0	NA
26237672	Female	46.75	1	1	1
35696404	Male	51	0	0	NA
25721296	Female	43.5	0	0	1
18746732	Male	41.25	0	0	NA
27883132	Male	51.33333333	0	0	NA
19584830	Male	41.16666667	0	0	NA
25534074	Female	35.08333333	0	0	1
34322214	Male	52.75	0	0	NA
32919324	Female	25.91666667	0	1	1
26847818	Female	66.08333333	0	0	0
22832082	Female	40.5	0	0	1
17628134	Female	40.33333333	0	1	1
33584604	Female	34.5	0	0	1
34559950	Male	55	0	0	NA
34993982	Female	24.66666667	0	0	NA
34608470	Male	43.25	0	0	NA
15838452	Female	47.41666667	1	0	1
21618962	Female	49.91666667	0	0	1
27849594	Male	56.33333333	0	0	NA
23401948	Male	33.5	0	0	NA
38799196	Male	32.5	0	0	NA
34632678	Female	71	0	0	0
44700418	Female	34	0	0	1
39155806	Female	36.5	0	1	1
23947542	Male	38.91666667	0	0	NA
37398088	Male	52.25	0	0	NA
46888578	Female	59.58333333	0	0	0
24885652	Female	31.5	0	0	1
30640466	Male	52.16666667	0	0	NA
28779394	Female	69.33333333	0	0	0
27835562	Male	70.5	0	0	NA
33039038	Female	19	0	0	1
22777984	Female	49.08333333	0	1	1
42564314	Male	27.66666667	0	0	NA
29330010	Male	66.75	0	0	NA
29040532	Female	64.41666667	0	0	0
28189624	Female	77.25	0	0	NA
36158838	Female	67.16666667	0	0	0
23228866	Female	52.25	0	1	0
32595564	Female	21.08333333	0	0	1
18814468	Female	25.66666667	0	0	1
28057262	Female	56.66666667	0	0	0
46472168	Female	27.08333333	0	1	0
49981742	Male	72.75	0	0	NA
25426552	Female	64.25	0	0	0
47382472	Female	33.41666667	0	0	1
62048004	Male	55	0	0	NA
23010280	Male	52.83333333	0	0	NA
45377014	Female	20.66666667	0	0	1
35112042	Female	28.33333333	0	0	1
38212808	Male	42	0	0	NA
19709832	Female	52	0	1	1
40318388	Female	21.41666667	0	1	1
34689228	Male	31.58333333	0	0	NA
28163270	Male	54.16666667	0	0	NA
30041790	Male	46.25	0	0	NA
28591406	Male	20.5	0	0	NA
31277300	Male	31.66666667	1	0	NA
20917732	Male	60.83333333	0	0	NA
46134954	Male	34.58333333	0	0	NA
30243948	Male	35.16666667	0	0	NA
25485052	Female	29.25	0	0	1
54920784	Female	68.16666667	0	0	0
20195022	Female	55.41666667	0	1	0
20402996	Female	37.16666667	0	1	0
21731422	Female	65.33333333	0	1	0
27586288	Male	42.25	0	0	NA
25912286	Female	50	0	0	1
34724512	Female	37.16666667	0	0	1
50986680	Male	51.08333333	0	0	NA
68843720	Male	29.5	0	0	NA
29359116	Female	41.41666667	0	0	1
41705714	Male	69.83333333	0	0	NA
36646816	Female	69.91666667	0	0	0
33431880	Male	61.33333333	0	0	NA
55131120	Female	55.08333333	0	0	0
34808260	Female	47.83333333	0	0	1
15186454	Female	56.08333333	0	0	0
36499166	Male	41	0	0	NA
25355324	Female	36.75	0	0	1
26683166	Male	57.08333333	0	0	NA
36990586	Male	57.5	0	0	NA
37833290	Female	54.08333333	0	0	0
24976862	Female	57.33333333	0	0	0
36935798	Male	32.08333333	0	0	NA
26935578	Male	52.83333333	0	0	NA
25467372	Male	62.41666667	0	0	NA
31804478	Female	62.75	0	0	0
27846978	Female	63.91666667	0	0	0
21888674	Female	29.08333333	0	0	1
19696554	Male	70.58333333	0	0	NA
62725200	Female	27.25	0	0	1
31488338	Female	60.75	0	0	0
24583314	Male	61.25	0	0	NA
34027544	Male	26.66666667	0	0	NA
23999024	Male	42.33333333	0	0	NA
32136316	Female	41	0	0	0
50287102	Male	43.16666667	0	0	NA
16988826	Female	45	0	0	1
35847430	Female	64.83333333	0	0	0
38971276	Male	52.91666667	0	0	NA
32467570	Female	25	0	0	1
43807608	Female	62.91666667	0	0	0
28450158	Male	31.83333333	0	0	NA
26656280	Female	56.58333333	0	0	0
31074216	Male	63.08333333	0	0	NA
17409378	Male	70.08333333	0	0	NA
37724588	Female	67.5	0	0	0
34008696	Female	47.91666667	0	0	1
47745546	Male	56.08333333	0	0	NA
46372904	Male	63.83333333	0	0	NA
28073090	Female	34.75	0	0	1
25310744	Female	57.91666667	0	0	0
21388082	Male	51.66666667	0	1	NA
17545294	Male	54.33333333	0	0	NA
21874430	Female	50.08333333	0	0	1
33194298	Male	38.08333333	0	0	NA
26933658	Female	72.41666667	0	0	NA
16766414	Male	20.58333333	0	0	NA
39810690	Male	24.08333333	0	0	NA
24857062	Female	24.91666667	0	0	1
21396796	Female	53.16666667	0	0	0
47996044	Female	55	0	0	1
36234718	Male	37.16666667	0	0	NA
65210698	Male	21.91666667	0	0	NA
37665474	Female	42.33333333	0	1	1
27719834	Female	55.66666667	0	0	0
40344318	Female	35.5	0	0	1
31777808	Male	19.58333333	0	0	NA
50447864	Female	26.08333333	0	1	1
52285200	Female	31.41666667	0	1	1
24508352	Female	54.66666667	0	0	0
56142828	Female	50.83333333	0	0	1
18052950	Female	20.58333333	0	0	1
31596778	Male	69.66666667	0	0	NA
35670050	Female	29.25	0	0	1
32718670	Male	23.58333333	0	0	NA
17971566	Female	55.33333333	0	0	0
34872616	Male	44.83333333	0	0	NA
37411318	Male	58.41666667	0	0	NA
29228684	Female	18.75	0	0	1
27476946	Female	58	0	0	0
34893180	Male	68.5	0	0	NA
38544062	Male	60.91666667	0	0	NA
34975328	Female	63	0	0	0
16478836	Male	65.58333333	0	0	NA
36632088	Female	62.91666667	0	0	0
42016266	Female	57.58333333	0	0	0
43255836	Female	23.75	0	0	1
38054660	Female	50.91666667	0	0	0
27145370	Female	64.5	0	0	0
26225254	Female	33.91666667	0	0	1
31259922	Male	33.41666667	0	0	NA
33053690	Male	22.83333333	0	0	NA
22707662	Female	61.25	0	1	0
25906298	Male	42.41666667	0	0	NA
26747918	Male	21.08333333	0	0	NA
24724612	Male	62.41666667	0	0	NA
26036186	Female	42.91666667	0	0	0
31610330	Female	24.41666667	0	0	1
28381076	Female	66.41666667	0	0	NA
45979988	Female	48.66666667	0	0	1
29689480	Male	74.83333333	0	0	NA
32838514	Female	43	0	0	1
38448920	Male	55.83333333	0	1	NA
33409260	Female	66	0	0	0
36603466	Female	57.83333333	0	0	0
32374864	Male	31.66666667	0	1	NA
40390510	Female	40.16666667	0	0	1
31271004	Female	53.91666667	0	1	0
50164050	Male	65.16666667	0	0	NA
60092364	Female	66.83333333	1	0	0
21787506	Male	25.91666667	0	0	NA
52878336	Female	39.66666667	0	0	1
28531048	Male	62.33333333	0	0	NA
28911898	Female	62.25	0	0	0
50152544	Male	28	0	0	NA
27245400	Male	30.91666667	0	0	NA
42135656	Female	45.25	0	0	0
27923028	Female	55.83333333	0	0	0
29356270	Female	30.16666667	0	0	1
43896214	Male	49.33333333	0	0	NA
37413728	Female	52.75	1	0	0
31222416	Female	55.33333333	0	0	0
19355652	Male	57.33333333	0	0	NA
34406506	Female	45.16666667	0	0	1
38306922	Female	43.25	0	0	1
41575308	Female	24.08333333	0	0	1
22842556	Male	33.91666667	0	0	NA
24459616	Male	32	0	0	NA
53870590	Male	72.33333333	0	0	NA
25744024	Male	53	0	0	NA
27370770	Male	61.91666667	0	0	NA
38961146	Female	61.08333333	0	0	0
23133864	Male	49.91666667	0	0	NA
32676268	Female	52.75	0	0	0
25351882	Female	46	0	0	1
26633588	Male	51.25	0	0	NA
91238018	Male	59.5	0	0	NA
35248100	Male	55.83333333	0	0	NA
35973362	Male	65.33333333	0	1	NA
24593788	Female	61	0	1	0
29439830	Female	63.66666667	0	0	0
32569278	Female	33.16666667	0	0	0
46849140	Female	58.91666667	0	0	0
28665030	Male	63.41666667	0	0	NA
45182112	Female	57.5	0	0	0
20804336	Female	26	0	0	1
35222448	Female	27.58333333	0	0	1
26862720	Male	26.41666667	0	0	NA
37340276	Female	23.08333333	0	0	1
23742302	Male	30.83333333	0	0	NA
37938340	Female	41.66666667	0	0	1
24394032	Female	61.75	0	0	0
27259178	Female	22.83333333	0	1	1
36536544	Female	24.25	0	0	1
30329720	Female	59.83333333	0	0	0
40171984	Female	49.25	0	0	1
89372422	Female	31.25	0	0	1
20118906	Male	64.58333333	0	0	NA
34289954	Female	59.58333333	0	0	0
26179608	Female	54.66666667	0	0	0
15396766	Male	60.83333333	0	0	NA
29382522	Male	28.5	0	0	NA
32575026	Male	60.08333333	0	0	NA
29477322	Female	27.75	0	1	0
33786818	Male	58.75	0	0	NA
33354398	Female	56.5	0	1	0
26747172	Male	40.5	0	0	NA
25634716	Male	18.75	0	0	NA
27136804	Male	59.41666667	0	0	NA
29372204	Female	33.08333333	0	0	1
39690006	Female	58.33333333	0	0	0
22472874	Male	28.41666667	0	0	NA
41530224	Female	52.75	0	0	1
37377606	Female	66.16666667	0	0	NA
49895258	Female	71.83333333	0	0	0
30225636	Female	52.91666667	0	0	0
30068292	Male	78.83333333	0	0	NA
36462504	Female	35.16666667	0	0	1
27198360	Male	26.58333333	0	0	NA
36457376	Male	62.58333333	0	0	NA
38635328	Female	31.58333333	0	0	1
25413786	Female	59.33333333	0	0	0
26896642	Male	62.5	0	1	NA
37516912	Female	50.83333333	0	0	0
29869188	Male	51	0	0	NA
31668200	Male	42.16666667	0	0	NA
23179880	Male	60.08333333	0	0	NA
33797452	Female	61.16666667	0	0	0
26068488	Male	31.5	0	0	NA
27578862	Female	30.41666667	0	0	1
38777746	Female	42.41666667	0	0	1
35144292	Male	50.83333333	0	0	NA
51118162	Male	43	0	1	NA
23921704	Male	38.5	0	1	NA
29722630	Female	34.41666667	0	0	1
33968852	Female	47.5	0	1	1
19055402	Female	39.83333333	0	0	1
21129130	Male	35.83333333	0	0	NA
22144016	Female	50.16666667	0	0	0
17449698	Female	48.58333333	0	0	1
34979088	Male	28.83333333	0	0	NA
57482594	Female	33.5	0	0	1
26741380	Female	30.08333333	0	0	1
27282584	Female	30.08333333	0	0	1
39243952	Female	49.83333333	0	0	0
36515044	Male	46.83333333	0	0	NA
31404108	Male	49.41666667	0	0	NA
29861262	Female	46.83333333	0	0	0
18463166	Male	41.5	0	0	NA
46509604	Male	41.33333333	0	0	NA
45198296	Female	50.33333333	0	0	0
33448534	Male	43.58333333	0	0	NA
34415828	Female	39.08333333	0	1	1
44257500	Male	48.58333333	0	0	NA
29118086	Female	40.83333333	0	0	1
32394418	Female	46.75	0	0	1
33586074	Female	48.33333333	0	0	1
34843694	Male	49.16666667	0	0	NA
58868862	Male	46.41666667	0	0	NA
45465544	Female	48.58333333	0	0	0
23532320	Male	33.25	0	0	NA
30125304	Female	47.5	0	1	1
44590660	Male	27.08333333	0	0	NA
28674746	Male	43.83333333	0	0	NA
25655908	Female	44.08333333	1	0	1
23678804	Female	28.75	0	0	1
59693090	Male	31.16666667	0	0	NA
29833390	Male	37.91666667	0	0	NA
42072630	Female	43.08333333	0	0	1
47706626	Female	44.33333333	1	0	1
23199740	Female	48.91666667	0	0	0
23425946	Female	50.83333333	0	0	0
26170816	Male	39.75	0	0	NA
50091702	Female	49.41666667	0	0	0
26656354	Female	35.66666667	0	0	1
21913280	Female	47.58333333	0	0	1
47158742	Male	46.91666667	0	0	NA
26997924	Female	49.33333333	0	0	1
23674096	Female	36	0	0	1
41797796	Female	45.41666667	0	0	1
35114360	Female	45.66666667	0	0	0
23995902	Male	42.5	0	0	NA
38938532	Female	51.08333333	0	0	0
22182776	Male	42.83333333	0	0	NA
33761058	Female	47.41666667	0	0	1
22564574	Female	45.58333333	0	0	1
69837644	Male	42.25	0	0	NA
26764052	Female	40.75	0	0	NA
17613300	Male	51.16666667	0	0	NA
28046616	Female	48.58333333	0	0	1
27086106	Female	47	0	1	1
30473682	Male	49.08333333	0	1	NA
60136838	Female	47.25	0	0	1
23189266	Female	50.83333333	0	1	1
26937040	Female	44.16666667	0	0	1
40986622	Male	46.41666667	0	0	NA
25354284	Male	48.33333333	0	0	NA
44237788	Female	48	0	1	1
29530948	Female	42.58333333	1	0	1
36090832	Female	50.5	0	0	0
18131252	Male	48.33333333	0	0	NA
33004172	Female	48.25	0	0	0
31854776	Female	46.16666667	0	0	1
43016714	Male	45.41666667	0	0	NA
34747452	Female	49.33333333	0	0	0
38468694	Female	44.25	0	0	1
24554454	Female	36.91666667	0	0	1
42670312	Male	44.16666667	0	0	NA
38206330	Female	40.58333333	0	0	1
28151188	Female	40	0	0	1
19730404	Female	61.16666667	0	0	0
30718270	Female	53.5	0	0	0
32455424	Female	76.25	0	0	NA
28458714	Female	18.41666667	0	0	1
32213348	Male	56.25	0	0	NA
34283624	Female	58.41666667	0	0	0
35369006	Male	48	0	0	NA
22881372	Female	25.58333333	0	0	0
19602136	Female	22.08333333	0	0	1
28673412	Female	18.5	0	0	1
24891554	Female	20.58333333	0	0	1
25733016	Female	34.41666667	0	1	1
22114790	Male	77	0	0	NA
36852842	Female	40	1	0	0
31656734	Male	62.91666667	0	1	NA
23297136	Male	80.58333333	0	0	NA
35108470	Female	72.66666667	0	0	NA
60694484	Female	59.16666667	0	0	0
26305470	Male	58.08333333	0	1	NA
27604946	Male	44.41666667	0	0	NA
29897262	Female	25.83333333	0	0	1
35021432	Male	68.83333333	0	0	NA
40296618	Female	65.08333333	0	0	0
43106792	Female	54.16666667	0	0	0
27243650	Female	57	0	0	0
28643590	Male	58.08333333	0	0	NA
31445544	Male	63.83333333	0	0	NA
42055088	Female	65.83333333	0	1	0
18998208	Male	60.91666667	0	0	NA
34969100	Male	27.16666667	0	0	NA
39103744	Female	78.08333333	0	0	0
38668486	Female	78.58333333	0	0	0
25101574	Male	73.5	0	0	NA
22957486	Male	81.41666667	0	0	NA
46720446	Female	80.33333333	0	0	0
78047710	Male	21.41666667	0	0	NA
31843110	Male	60.58333333	0	0	NA
19667314	Male	36.25	0	0	NA
21673388	Male	53.33333333	0	0	NA
78510990	Female	28.25	0	0	1
17553750	Female	74.5	0	0	NA
46910514	Female	59.83333333	0	0	0
19415704	Male	62.83333333	0	0	NA
40091690	Female	70.41666667	0	0	0
34462224	Female	62.41666667	0	0	0
39849942	Female	54.91666667	0	0	0
25928764	Male	19.83333333	0	0	NA
66534408	Male	35.91666667	0	0	NA
16140450	Male	22.33333333	0	0	NA
33834402	Female	64.5	0	0	0
53703524	Male	61.5	0	0	NA
28513836	Female	36.91666667	0	0	1
28941486	Female	25.25	0	0	1
60479512	Male	25.08333333	0	0	NA
25391298	Female	60	0	1	0
53670450	Male	47.33333333	0	0	NA
32051132	Female	55.08333333	0	0	0
46753574	Male	33.16666667	0	0	NA
36585568	Female	20.75	0	0	0
39371078	Female	59.08333333	0	0	0
37400750	Male	48.5	0	0	NA
27677108	Female	69	0	0	NA
29138098	Female	21.58333333	0	0	1
37066432	Female	53.66666667	0	0	1
22849736	Female	34.75	0	1	1
20972276	Male	66.66666667	0	0	NA
36713846	Male	51.41666667	0	0	NA
28250688	Female	57.25	0	0	0
27881822	Female	48.66666667	0	0	0
22594064	Male	54.16666667	0	0	NA
31294512	Male	60.08333333	0	0	NA
23631552	Female	26.5	0	1	0
31588412	Male	32	0	0	NA
22275922	Male	71.83333333	0	0	NA
28482284	Female	64.33333333	0	0	0
32199158	Female	41.66666667	0	0	1
26877006	Female	60.41666667	0	0	0
45372284	Male	55.66666667	0	0	NA
35478386	Female	58.83333333	0	0	0
29185152	Male	46.25	0	0	NA
26076436	Female	72.25	0	0	NA
44836686	Male	32.5	0	0	NA
26114822	Female	44.16666667	0	0	1
53620696	Female	44.16666667	0	0	1
29817696	Male	51.08333333	0	0	NA
21230086	Male	49.91666667	0	0	NA
35746384	Male	47.41666667	0	0	NA
39633752	Female	32.25	0	0	1
32877402	Female	46.25	0	0	1
36740556	Female	49.83333333	0	0	1
25663766	Female	25.66666667	0	0	1
30871904	Female	41.16666667	0	1	0
23710884	Male	46.5	0	0	NA
36252098	Male	44.75	0	0	NA
31005810	Male	49	0	0	NA
28657752	Male	38.58333333	0	0	NA
33612854	Female	64.75	0	0	0
27956118	Female	46.33333333	0	0	1
21019646	Male	21.91666667	0	0	NA
23469704	Male	65.41666667	0	0	NA
30517626	Male	32.33333333	0	0	NA
24634808	Male	29.66666667	0	0	NA
33345484	Female	36.33333333	0	0	1
27583404	Female	53.33333333	0	0	0
27983926	Female	24.33333333	0	1	1
23932630	Male	59.33333333	0	0	NA
29953960	Female	54.75	0	0	1
25652910	Female	73.83333333	0	0	0
32043906	Male	73	0	0	NA
29490514	Female	60.25	0	0	0
78438610	Male	74	0	0	NA
46180138	Female	73.83333333	0	0	0
33840130	Female	42.5	0	0	1
22985102	Female	58.33333333	0	0	0
41240502	Female	26.08333333	0	0	1
37943018	Female	45.75	0	0	1
45469780	Female	55.5	0	0	0
20633782	Female	23.41666667	0	0	1
83949806	Male	54	0	0	NA
50060850	Female	26.16666667	0	0	0
23910968	Male	40.83333333	0	1	NA
30762626	Male	53.41666667	0	0	NA
51595040	Female	24.58333333	0	0	1
33410316	Female	41.08333333	0	0	1
40360306	Male	47.83333333	0	0	NA
16953218	Male	53.5	0	0	NA
61859458	Male	40.83333333	0	0	NA
57304720	Female	57.16666667	0	0	0
24305340	Female	27.41666667	0	0	1
30360272	Male	22.91666667	0	0	NA
22345164	Male	60.08333333	0	0	NA
25332906	Female	60.25	0	0	0
33276154	Female	42.16666667	0	0	1
29050118	Female	61.25	0	0	0
26556990	Female	28.08333333	0	1	1
57896894	Male	53	0	0	NA
37424386	Female	54.5	0	0	0
30302536	Female	20.66666667	0	0	0
19749584	Female	55.08333333	0	1	0
49841680	Female	26.25	0	0	1
27570794	Female	19.5	0	0	1
55157514	Female	53.25	0	0	1
19804710	Female	27.83333333	0	0	1
25238170	Female	42	0	0	1
25165824	Female	57.33333333	0	0	0
19429728	Male	44.5	0	0	NA
23447000	Female	30.75	0	1	1
32576226	Female	45.41666667	0	0	1
31559328	Male	63.25	0	0	NA
68541740	Female	62.58333333	0	0	0
32151474	Male	40.75	0	0	NA
67815416	Male	23.25	0	0	NA
45708132	Male	56.83333333	0	0	NA
32467204	Male	72.91666667	0	0	NA
41628766	Female	42.5	0	0	1
32763530	Female	48	0	0	NA
31649158	Male	54.16666667	0	0	NA
25380944	Male	52.08333333	0	0	NA
22406702	Female	24.08333333	0	0	1
23690850	Female	68.41666667	0	0	0
24293336	Female	64.25	0	0	0
19139880	Male	59.16666667	0	0	NA
36328128	Female	56.16666667	0	0	1
46595670	Female	54.66666667	0	0	0
63231672	Female	57.66666667	0	0	0
24614460	Male	36.33333333	0	0	NA
30932796	Female	54.5	0	0	0
31517864	Female	31	0	0	1
36836356	Female	25.25	0	1	1
32074020	Female	39.83333333	0	0	1
26715846	Male	49.41666667	0	0	NA
38964694	Female	21	1	0	1
21740508	Male	64.58333333	0	0	NA
21733228	Female	49.83333333	0	0	1
39725362	Female	23.16666667	0	0	1
30369610	Female	51.16666667	0	0	1
23350246	Male	56.5	0	0	NA
42706656	Female	54.66666667	0	0	0
32486526	Female	26.5	0	0	NA
31325902	Male	19.58333333	0	0	NA
24561522	Female	50.41666667	0	0	1
53922572	Female	73	0	0	0
28835950	Female	53.25	0	1	1
21994172	Female	39.08333333	0	0	1
17086050	Female	39.41666667	0	0	1
29421114	Male	66.5	0	0	NA
52826660	Female	50	0	0	1
46443360	Female	52.75	0	0	1
47633130	Female	59.5	0	0	0
31246676	Male	79.08333333	0	0	NA
30031162	Female	65.5	0	0	0
18110950	Male	60.41666667	0	0	NA
81657886	Male	53.66666667	0	0	NA
32067790	Male	46.83333333	0	0	NA
29176940	Female	31.5	0	0	1
23995980	Male	44.83333333	0	0	NA
39804784	Female	25.41666667	0	0	0
38374046	Female	57.16666667	0	0	0
29752250	Female	35.83333333	0	1	1
50707796	Female	45.91666667	0	0	1
22793850	Female	26.08333333	0	1	1
26136682	Female	54.5	0	0	0
61754862	Female	50.08333333	0	1	1
48669996	Female	59.58333333	0	0	0
27524446	Male	66.08333333	0	0	NA
28430800	Female	72.91666667	0	0	NA
47107512	Male	39.83333333	0	0	NA
24507234	Female	56.25	0	0	0
21891948	Female	51.5	0	0	0
36699932	Female	57.33333333	0	0	0
41736168	Male	73.5	0	0	NA
26001980	Female	73.66666667	0	0	0
31982358	Male	48.25	0	0	NA
41459824	Male	44.75	0	0	NA
38915714	Female	55.75	0	0	0
75229668	Male	47.91666667	0	0	NA
19142028	Female	43	0	0	1
22886014	Female	28.58333333	0	0	0
30416378	Male	45.66666667	0	0	NA
33212240	Female	69.75	0	0	0
39666094	Female	45.41666667	0	1	0
16256266	Male	22.25	0	0	NA
25977776	Female	45.25	0	0	1
61219544	Female	47.58333333	0	0	1
28269096	Female	37.33333333	0	0	1
19123710	Female	73.41666667	0	0	0
26494214	Male	33.33333333	0	0	NA
27149700	Female	39.83333333	0	0	1
23976446	Male	53.75	0	0	NA
30623422	Female	48.25	0	0	1
32431280	Male	41.25	0	0	NA
35557498	Male	55.66666667	0	0	NA
38076450	Female	42.91666667	0	0	1
30887258	Female	47.33333333	0	0	1
20663036	Male	59.83333333	0	0	NA
35034942	Male	36	0	0	NA
36018740	Female	65.41666667	0	0	0
20548276	Male	51.75	0	0	NA
24429278	Male	46.08333333	0	0	NA
19820918	Male	53.25	0	0	NA
30150658	Female	46.25	0	0	1
41452098	Female	53.5	0	0	0
29110124	Female	62.91666667	0	0	0
22246890	Female	63.91666667	0	0	0
40070736	Female	37.08333333	0	0	1
29333268	Female	50	0	1	1
21423960	Male	65.25	0	1	NA
22084894	Female	68.25	0	0	0
32925026	Male	67.58333333	0	0	NA
24162296	Female	53.33333333	0	1	0
28775174	Female	24.25	0	0	1
29801304	Male	44.16666667	0	0	NA
45111674	Female	64.58333333	0	0	0
43128412	Female	59.58333333	0	0	0
35691710	Male	64.25	0	0	NA
43227220	Female	56.58333333	0	0	0
39457048	Female	70.25	1	0	0
22251716	Male	63.16666667	0	0	NA
15640250	Female	37.25	0	0	1
20832056	Female	21.66666667	0	0	1
38947958	Male	64.91666667	0	0	NA
43140180	Male	55.83333333	0	0	NA
40901966	Male	50.58333333	0	0	NA
23221138	Male	64	0	0	NA
59172802	Female	60.5	0	0	0
41092788	Male	77.91666667	0	0	NA
39044226	Female	43.25	0	0	1
36416140	Male	44.75	0	0	NA
30784044	Female	25.58333333	0	0	1
35563980	Male	26.91666667	0	0	NA
26099530	Male	47.33333333	0	0	NA
28371450	Female	46.41666667	0	0	0
30536242	Female	41.41666667	0	0	1
31803288	Female	48.58333333	0	0	NA
43994546	Female	30.75	0	0	1
27090664	Male	53.91666667	0	0	NA
28655090	Female	64	0	0	0
27862024	Male	69.41666667	0	0	NA
28624558	Female	69.83333333	0	0	NA
37185274	Female	62.41666667	0	0	0
32525316	Male	66.16666667	0	0	NA
45660830	Female	60.91666667	0	0	0
30466700	Female	65.58333333	0	0	0
34217460	Male	60.08333333	0	0	NA
27084564	Female	54.91666667	0	0	0
34088822	Female	29.16666667	0	0	0
33523206	Male	26	0	0	NA
37571668	Male	71	0	0	NA
21348158	Female	45.25	0	0	1
29553154	Female	71.75	0	0	0
30911624	Male	62.16666667	0	0	NA
20078590	Female	63.66666667	0	0	0
24463192	Female	48.58333333	0	0	1
25653746	Female	61.5	0	0	0
36130034	Male	67.75	0	0	NA
23689472	Male	58.41666667	0	0	NA
37096892	Male	65.5	0	0	NA
26805872	Male	67.75	0	0	NA
27513258	Male	29.91666667	0	0	NA
42506234	Male	61.91666667	0	0	NA
33179950	Female	60.58333333	0	0	0
55335156	Male	66.33333333	0	0	NA
41914192	Female	53.08333333	0	0	0
39331320	Female	60.83333333	0	0	0
40210774	Female	63.83333333	0	0	0
35190106	Female	65.5	0	0	0
30902202	Female	40.91666667	0	1	1
29284606	Female	68.91666667	0	0	NA
32673874	Female	52.58333333	0	0	1
24199390	Male	49.91666667	0	0	NA
31800080	Male	25.16666667	0	0	NA
31615674	Female	57.41666667	0	1	0
31553038	Male	53	0	0	NA
15094344	Male	18.33333333	0	0	NA
34056464	Female	35.75	0	0	1
39724970	Female	35	0	0	1
23499304	Male	42.58333333	0	0	NA
37534766	Female	32.91666667	0	0	1
29991500	Female	45.58333333	0	0	1
27456110	Male	51.16666667	0	0	NA
15891110	Female	36.08333333	0	0	1
17448874	Female	50.58333333	0	0	1
43609226	Female	29.25	0	0	1
22798264	Male	30.08333333	0	0	NA
26998510	Female	35.33333333	0	0	1
30330382	Male	27.83333333	0	0	NA
26528307	Male	48.66666667	0	0	NA
38950592	Female	31.58333333	0	0	1
41866020	Female	41.58333333	1	0	1
44982624	Female	31.83333333	0	0	1
32219808	Female	29.58333333	0	0	1
23687758	Female	24.08333333	0	0	1
26563774	Male	69	0	0	NA
24596354	Female	47.08333333	0	0	0
61747974	Male	26	0	0	NA
59579072	Female	30.83333333	0	0	1
28339528	Male	56.75	0	0	NA
60690540	Female	68.25	0	0	0
23670392	Female	75.25	0	0	NA
25872778	Female	30.58333333	0	0	1
42876058	Female	30.58333333	0	0	1
30750288	Female	59.33333333	0	0	0
21775618	Female	59.91666667	0	0	0
40292510	Male	29	0	0	NA
64254448	Female	65.33333333	0	0	0
46301306	Male	63.58333333	0	0	NA
23296896	Male	31.25	0	0	NA
22540052	Female	35	0	0	1
28662914	Male	28.25	0	1	NA
48408534	Female	49.16666667	0	0	0
25359690	Female	45.66666667	0	0	1
25552650	Female	56	0	0	0
31108284	Female	52.33333333	0	0	0
30863626	Male	23	0	0	NA
25039052	Female	48.33333333	0	0	0
24226086	Female	22.33333333	0	1	1
40958464	Female	22.25	0	0	0
29262068	Female	43.33333333	0	0	1
29563484	Female	64	0	0	0
22208526	Female	28.25	0	0	1
53478712	Female	42.75	0	0	1
24486030	Male	24.91666667	0	0	NA
45591728	Male	58.75	0	0	NA
41064996	Female	65.83333333	0	0	0
35219286	Female	58	0	0	0
24697930	Female	26.08333333	0	1	1
21956546	Male	59.41666667	0	0	NA
33447392	Female	56.83333333	0	0	0
22435344	Male	25.75	0	0	NA
35976612	Male	56.08333333	0	0	NA
28583254	Female	53.58333333	0	0	0
